1
1
1
1
1
1
1
1
1
1
1
1
1
1
1
1
1
1
1
1
1
1
1
1
1
1
1
1
1
1
1
1
1
1
1
1
1
1
1
1
1
1
1
1
1
1
1
1
1
1
1
1
1
1
1
1
1
1
1
1
1
1
1
1
1
1
1
1
1
1
1
1
1
1
1
1
1
1
1
1
1
1
1
1
1
1
1
1
1
1
1
1
1
1
1
1
1
1
1
1
2
1
1
2
1
1
1
1
1
2
1
2
1
1
1
1
2
1
1
2
1
1
2
1
1
1
2
1
2
1
2
1
1
2
1
1
1
1
1
1
1
1
1
1
1
2
1
1
2
2
1
2
1
3
1
2
1
1
2
2
1
1
3
1
1
1
2
1
2
1
3
2
1
1
1
1
3
2
1
1
2
2
1
3
3
2
1
1
2
1
2
1
1
2
1
1
1
1
3
1
1
3
1
1
3
2
1
1
1
1
3
1
4
1
4
1
4
3
4
3
2
1
1
1
1
1
2
3
1
1
4
2
2
3
1
2
5
1
2
1
4
1
4
3
1
1
4
4
3
3
4
2
2
2
1
4
1
2
1
1
4
3
2
3
4
5
2
2
4
5
1
3
5
4
2
4
2
2
1
1
4
1
1
1
5
2
6
3
3
1
4
2
1
1
2
2
3
2
1
5
3
1
3
1
3
4
5
5
6
2
1
3
1
3
1
1
2
6
3
3
5
6
1
6
3
1
5
6
3
2
5
1
5
3
3
4
2
2
2
6
3
1
6
3
1
7
4
3
1
4
1
2
6
1
6
1
3
7
3
7
2
5
2
4
1
2
1
2
2
6
7
1
3
2
3
4
5
8
3
4
6
7
1
7
3
7
6
7
4
2
1
1
3
3
3
1
6
1
8
3
2
1
6
2
5
1
7
3
2
1
1
1
6
6
9
5
8
1
3
1
1
8
6
8
4
7
2
8
2
9
1
6
1
4
7
9
2
4
2
4
5
4
7
7
7
1
6
4
2
6
3
5
4
8
4
6
2
1
8
3
2
7
3
1
2
5
1
7
4
5
3
2
5
1
7
3
7
4
8
1
2
2
4
5
5
1
3
1
6
6
5
8
1
9
1
10
2
1
5
9
9
8
9
2
8
10
6
6
6
8
1
1
5
7
1
5
1
9
1
9
11
9
10
11
8
1
8
3
3
1
3
1
1
9
10
3
1
2
7
10
10
4
4
9
3
6
6
11
5
5
10
1
2
5
1
11
1
7
2
5
4
9
10
10
12
11
11
9
4
9
8
1
10
9
10
1
11
3
12
6
1
2
3
11
5
11
5
1
1
1
11
9
8
2
1
11
3
3
5
9
2
2
4
6
1
7
9
3
10
6
13
5
11
8
3
12
2
8
12
6
9
6
12
4
1
7
3
6
1
3
6
6
1
11
3
5
2
8
10
4
5
2
1
7
13
2
1
12
1
3
1
8
8
6
8
5
7
10
3
11
2
1
2
6
3
1
8
7
10
9
13
2
1
7
7
2
9
10
3
13
6
9
5
10
8
7
13
11
9
5
14
11
13
5
13
8
4
7
13
1
10
9
12
4
12
8
3
6
9
10
8
3
6
6
11
15
15
14
10
1
8
12
10
8
1
11
15
8
7
4
1
14
11
15
3
7
13
10
6
4
4
14
2
8
10
11
1
13
7
9
7
12
7
1
13
4
13
15
1
13
4
2
6
13
15
7
13
10
5
4
4
11
10
5
14
9
10
12
13
6
13
6
5
8
10
1
15
2
12
7
11
1
15
10
1
4
5
11
6
14
3
11
2
2
14
8
1
13
16
6
8
1
1
2
7
9
6
8
4
9
11
17
14
11
3
8
14
2
3
1
4
3
12
9
7
15
9
16
16
13
1
4
2
17
8
1
7
12
5
13
10
7
6
6
17
15
1
12
3
17
9
14
18
17
1
16
15
6
5
12
18
10
9
3
7
16
2
7
7
7
5
11
13
13
6
1
9
8
1
1
6
5
3
9
3
10
1
11
16
14
14
8
7
9
12
12
4
5
1
14
15
15
17
17
10
1
17
1
7
19
16
3
18
19
19
16
11
10
10
17
6
4
9
3
2
6
6
17
9
6
17
10
1
11
19
18
4
9
10
20
8
10
11
11
5
2
7
5
13
4
2
7
5
9
7
17
11
12
9
19
14
18
13
18
12
11
1
17
2
1
21
2
19
18
19
15
1
5
12
16
16
5
16
2
13
12
11
15
13
8
