1000 5500
1 3 9 18 21 51 91 98 455 521 560 716 807 843 886 902 949 
0 2 4 28 34 40 57 84 145 192 227 380 458 492 523 592 681 690 778 783 945 970 
1 3 5 29 30 72 246 265 529 777 833 879 904 
0 2 4 5 7 25 44 110 127 134 241 287 291 546 564 655 686 857 874 
1 3 12 169 320 366 440 474 506 564 618 651 849 869 904 970 985 998 
2 3 6 8 9 11 13 14 37 59 82 96 161 249 278 446 668 743 749 
5 7 10 17 27 95 176 285 288 403 592 668 863 973 
3 6 21 33 52 74 143 326 354 534 549 598 692 749 794 
5 13 16 18 46 93 100 227 345 428 547 895 909 
0 5 19 24 109 257 343 406 593 731 756 909 
6 34 131 140 189 301 506 610 797 913 
5 43 54 102 469 540 590 669 684 747 763 807 949 952 
4 14 22 111 188 219 250 349 503 595 633 655 757 767 913 967 988 
5 8 17 37 39 108 164 185 520 697 716 773 793 893 919 
5 12 15 20 31 45 111 253 309 441 521 744 767 862 890 
14 42 204 284 392 422 443 499 583 651 719 745 882 937 
8 68 362 545 605 760 861 898 
6 13 23 26 45 62 150 404 522 613 801 853 854 964 
0 8 38 39 305 376 434 712 776 808 826 846 
9 20 115 138 165 219 477 777 906 983 
14 19 25 132 170 184 214 224 261 283 288 302 331 622 711 732 875 913 980 
0 7 109 159 181 452 493 608 704 712 966 967 988 
12 38 55 75 394 416 435 469 517 523 669 716 928 958 
17 35 112 133 212 303 333 381 384 458 526 563 651 702 768 772 
9 36 61 142 217 422 429 468 562 709 750 773 859 909 
3 20 30 91 320 429 431 515 524 551 561 564 572 612 820 905 
17 42 89 107 155 205 327 747 819 820 968 
6 73 357 402 502 544 810 948 
1 32 41 53 170 722 727 741 875 965 
2 40 48 201 217 330 354 421 483 620 742 789 807 825 940 
2 25 376 408 460 534 579 609 641 704 737 772 774 
14 32 72 153 324 392 679 847 867 883 947 
28 31 44 69 86 567 813 825 899 
7 77 131 273 356 446 547 568 873 877 937 946 971 
1 10 60 113 126 286 313 346 354 359 434 521 540 603 610 698 715 764 777 826 867 959 
23 36 58 411 599 670 693 875 951 
24 35 71 99 181 227 290 317 565 618 780 846 949 988 
5 13 61 136 210 453 565 662 750 843 940 
18 22 43 50 90 133 221 323 326 458 472 555 596 692 747 770 833 875 944 966 
13 18 66 88 151 363 385 589 672 771 785 792 925 
1 29 47 49 80 104 157 182 200 286 443 449 489 607 901 954 969 
28 63 84 149 167 180 324 332 386 436 441 512 590 601 640 654 682 700 866 914 946 
15 26 76 112 162 275 317 342 379 787 866 
11 38 271 305 425 583 669 694 990 
3 32 261 286 385 412 452 509 550 811 819 965 
14 17 81 129 141 222 242 377 421 446 574 654 714 722 759 814 970 974 
8 166 210 437 709 712 808 826 924 952 971 
40 106 460 857 998 
29 50 118 230 336 345 431 499 567 652 901 966 969 
40 122 177 193 272 282 333 335 392 620 686 726 779 872 936 944 
38 48 145 154 161 193 304 377 404 470 701 717 965 
0 73 114 216 239 262 384 615 715 779 784 
7 270 341 352 447 453 576 629 765 780 852 861 862 981 982 990 
28 66 89 138 226 390 477 743 842 880 995 998 
11 590 592 622 756 808 923 
22 56 64 230 236 252 264 319 442 489 533 552 563 651 695 792 882 958 
55 70 105 116 268 336 347 370 502 673 814 833 924 
1 65 85 179 219 223 273 399 432 472 574 667 737 855 910 
35 83 116 149 299 300 762 859 982 
5 68 96 128 275 666 928 929 995 
34 97 130 201 280 327 376 453 500 670 696 826 996 
24 37 332 470 520 631 698 727 801 839 932 970 
17 208 233 453 502 540 543 666 712 716 823 973 
41 67 86 159 201 210 307 344 370 692 693 838 857 950 
55 79 135 178 284 429 564 615 721 799 867 963 996 
57 101 103 146 194 322 382 433 468 475 638 
39 53 104 255 284 285 296 327 377 620 669 679 701 735 851 912 
63 236 275 325 343 467 653 688 733 914 928 
16 59 119 137 146 148 257 314 483 489 683 749 790 855 870 883 
32 175 307 486 764 852 925 944 954 972 
56 132 550 566 569 585 613 647 767 836 854 937 990 
36 87 141 253 272 284 306 361 583 687 948 
2 31 78 102 185 264 284 548 557 562 676 723 916 
27 51 216 255 292 585 595 679 808 916 930 
7 80 198 204 248 291 327 608 749 778 797 835 897 920 925 
22 94 321 357 491 
42 399 406 415 431 491 507 563 741 825 832 866 923 929 985 
33 135 176 212 355 453 574 578 624 643 837 
72 129 266 283 290 292 410 504 550 736 826 
64 215 263 307 354 416 444 524 587 994 
40 74 152 163 279 595 908 
45 92 237 272 326 529 697 738 837 844 855 870 937 945 
5 108 123 183 197 260 312 386 694 875 
58 99 379 383 407 440 560 566 694 725 865 866 898 967 969 975 992 
1 41 246 304 442 687 730 745 963 999 
57 126 158 236 271 357 526 542 583 725 766 784 860 
32 63 308 439 528 687 762 859 943 
71 103 302 427 491 714 796 886 
39 225 308 609 618 743 954 
26 53 128 130 168 180 234 484 537 736 899 
38 147 216 231 326 379 553 609 619 638 
0 25 266 471 481 685 710 879 894 930 
81 144 196 250 357 550 590 720 721 781 808 835 859 881 890 950 
8 148 158 196 204 252 484 500 621 721 899 926 932 973 
75 103 188 224 431 434 435 443 515 543 592 700 753 797 816 838 881 
6 204 321 359 583 668 701 714 969 
5 59 100 153 236 296 442 579 644 757 772 969 
60 240 345 468 504 630 678 792 966 
0 153 211 376 409 620 790 816 899 
36 83 101 329 331 334 404 446 539 557 590 638 728 796 805 826 
8 96 247 349 377 385 449 489 698 748 805 836 
65 99 339 352 444 475 509 733 
11 72 170 184 203 401 424 519 713 720 882 
65 87 94 212 246 272 321 338 526 728 766 855 858 
40 66 414 694 724 774 894 909 
56 162 178 208 249 269 555 557 577 696 748 814 895 
47 117 205 310 346 425 478 483 484 566 683 871 957 
26 431 804 
13 82 122 216 218 339 644 673 772 798 850 879 
9 21 155 180 214 538 566 853 949 952 
3 125 151 174 323 450 517 610 731 733 832 922 929 965 
12 14 120 121 238 467 
23 42 119 164 377 423 429 493 647 728 738 774 928 
34 166 299 317 318 538 578 654 722 774 899 935 974 
51 124 383 484 613 652 654 698 734 927 
19 136 160 171 275 386 496 519 523 570 596 643 822 835 870 902 910 
56 58 244 289 321 467 476 520 533 683 691 703 916 923 
106 214 305 324 371 387 523 893 945 
48 317 352 622 685 850 
68 112 139 363 386 425 534 652 916 961 
111 167 194 242 340 521 555 851 881 893 922 
111 330 339 467 476 511 522 985 
49 108 320 370 398 475 524 745 
82 168 233 235 413 496 501 512 526 527 599 701 843 854 
114 307 339 342 448 547 567 657 693 733 808 848 950 
110 199 220 369 377 381 602 751 784 790 892 959 
34 85 156 296 327 425 576 650 710 756 795 922 
3 251 423 435 465 506 539 710 782 863 882 
59 89 174 306 425 451 505 520 703 847 985 
45 78 173 184 315 349 380 450 499 517 541 558 617 679 777 872 890 972 992 
60 89 239 299 653 835 872 983 985 
10 33 277 447 454 520 577 614 798 998 
20 70 269 273 378 452 625 861 
23 38 190 261 297 370 398 449 499 522 543 586 670 882 
3 176 195 287 402 586 705 972 
64 77 228 243 276 444 513 547 654 692 738 823 911 969 
37 115 268 280 378 418 482 534 539 540 585 
68 198 345 427 567 623 691 861 
19 53 143 345 380 441 478 487 633 704 792 822 919 
119 264 354 406 433 523 548 576 588 711 851 886 941 
10 172 183 189 256 307 459 566 679 731 771 881 922 
45 71 263 421 439 488 526 610 841 924 
24 162 324 513 797 
7 138 240 243 287 308 428 572 573 576 
92 308 314 359 506 509 545 547 681 757 792 803 
1 50 186 337 383 495 532 617 677 923 992 
65 68 240 277 323 430 465 493 522 558 615 722 745 801 925 
90 260 431 687 786 883 914 968 997 
68 93 435 505 507 563 603 644 659 958 
41 58 387 628 648 880 
17 176 326 583 679 767 790 
39 110 236 288 517 526 760 764 
80 248 422 435 453 486 534 640 737 924 937 
31 96 98 155 188 404 543 679 695 788 837 
50 706 904 918 
26 109 153 247 254 424 491 608 895 944 990 
126 158 230 266 530 540 722 801 899 
40 171 393 464 565 704 717 869 
85 93 156 429 591 605 619 735 899 911 
21 63 177 271 490 559 635 668 782 970 
115 187 369 633 689 772 902 909 988 
5 50 230 311 368 435 513 552 559 566 633 846 966 
42 105 142 374 383 426 988 
80 218 230 268 335 352 374 423 454 700 815 855 910 
13 112 214 269 286 359 566 718 721 832 
19 202 309 356 421 468 491 568 574 650 788 912 943 977 
46 113 454 564 883 
41 120 206 365 422 481 509 585 670 747 786 833 914 975 
89 123 181 213 259 295 652 797 865 873 920 
4 250 332 357 449 520 578 584 610 620 622 700 731 770 978 
20 28 102 171 251 414 622 716 808 
115 157 170 247 265 344 359 364 443 480 522 630 652 670 882 907 
140 233 306 361 372 396 562 733 757 
129 273 440 611 647 732 799 
110 128 350 622 631 663 814 
69 190 246 821 916 
6 77 134 150 191 216 300 357 373 549 638 676 751 799 837 905 
49 159 519 578 686 694 723 799 837 924 
64 105 183 404 444 684 686 715 783 855 
57 274 342 413 425 443 559 564 698 732 755 757 776 974 
41 89 109 294 383 396 507 644 822 870 965 989 
21 36 168 274 416 522 561 735 783 
40 218 222 329 348 388 422 446 447 704 780 806 
82 140 178 231 342 354 483 564 694 778 901 
20 102 129 245 269 444 498 710 884 929 945 982 
13 72 205 357 363 407 446 769 843 
145 193 236 427 467 509 512 617 667 683 720 837 865 
160 242 414 423 502 549 714 774 843 937 
12 94 153 198 228 277 290 716 765 
10 140 207 424 435 563 613 736 857 873 875 953 973 
133 175 427 533 576 602 674 870 893 944 973 984 
176 209 418 547 595 695 927 989 
1 264 294 505 653 777 832 982 
49 50 186 218 243 265 270 297 414 517 550 569 606 640 778 871 897 926 977 
65 120 327 462 576 681 865 966 
134 418 442 478 574 608 612 640 651 788 808 862 957 
92 93 201 656 807 949 982 984 
82 369 437 539 669 977 
74 137 188 311 455 705 754 869 895 
125 242 412 433 870 920 983 
40 212 288 328 687 875 
29 60 63 196 441 502 722 
165 219 328 420 540 697 798 909 933 
102 220 250 406 500 573 625 735 782 916 938 
15 74 93 95 247 363 449 501 524 570 677 694 736 821 
26 106 185 257 260 381 726 
167 243 469 639 720 780 863 898 
189 323 381 557 637 670 685 722 758 765 766 793 911 919 952 968 
62 105 232 358 421 540 560 610 663 702 786 826 859 926 
191 323 561 591 606 656 962 
37 46 63 214 254 273 361 384 387 578 618 622 766 768 775 
98 267 333 821 924 
23 77 103 200 302 330 368 415 519 523 544 555 581 613 740 741 756 763 
168 265 275 301 370 717 
20 109 117 164 210 298 531 555 841 844 927 
79 217 226 232 306 356 398 441 447 448 478 482 512 721 956 
51 73 90 108 176 218 308 565 672 705 741 947 997 
24 29 215 359 567 599 
108 163 182 193 216 238 268 435 493 501 508 684 720 731 869 990 
12 19 57 202 272 280 306 408 414 539 827 
125 203 360 478 603 655 897 902 952 
38 255 304 507 635 690 854 884 964 969 984 
45 182 290 332 520 570 586 592 708 941 
57 235 320 398 414 857 865 
20 94 483 526 534 582 716 725 754 838 945 
88 467 562 647 686 759 799 898 922 923 
53 215 350 738 741 960 
1 8 36 373 381 469 523 845 
135 188 229 415 807 901 
228 249 416 430 476 539 821 905 
48 55 156 161 163 242 321 335 352 437 453 825 918 997 
90 183 262 412 505 659 710 763 832 835 912 928 988 
208 215 393 608 617 647 669 715 781 799 949 982 
62 123 172 287 365 370 553 627 694 
89 286 413 574 788 905 
123 223 352 396 490 522 579 674 756 759 810 903 965 990 994 
55 67 85 96 151 186 296 539 573 595 679 992 
81 323 372 421 453 467 524 557 638 640 653 681 783 861 862 893 
111 218 244 362 414 444 505 535 573 600 618 654 700 837 
51 130 240 280 308 807 866 895 
97 143 146 239 248 367 379 388 521 574 651 736 
3 279 316 861 877 985 
45 120 187 199 230 546 660 684 971 
135 143 193 206 398 479 565 602 772 802 
116 238 323 442 491 691 712 717 883 900 994 
184 258 443 527 570 619 626 786 859 863 922 962 
2 84 103 175 338 372 498 502 
100 155 171 204 413 501 639 663 796 972 
74 152 240 260 276 318 377 389 476 638 708 714 857 862 918 
5 105 229 252 345 455 538 562 715 797 854 971 979 
12 92 169 203 403 500 708 731 746 747 891 914 970 994 
127 170 319 622 684 774 911 
55 93 249 255 638 664 690 817 820 928 
14 71 375 500 584 
155 210 427 456 567 747 778 
66 73 221 252 294 498 733 
140 347 351 726 734 
9 68 205 305 576 674 
245 330 371 380 402 615 703 733 948 
168 263 340 407 667 751 837 871 924 982 998 
82 147 205 248 269 383 466 472 627 658 747 838 883 945 
20 44 133 293 319 322 474 517 550 565 576 625 663 750 786 950 972 
51 231 265 364 621 686 748 793 817 862 970 
79 141 259 493 526 534 638 656 738 764 870 944 
55 72 139 192 267 299 338 631 732 771 974 
2 171 193 213 262 286 359 416 495 527 540 547 555 605 615 708 895 910 943 950 994 
78 91 156 361 398 400 547 578 676 859 869 879 937 
211 264 355 358 376 598 605 606 688 744 833 
56 136 163 218 375 386 451 533 759 885 941 
105 132 164 184 260 313 345 347 413 579 873 989 996 
52 193 375 568 615 911 
43 85 159 424 458 554 786 
49 71 81 103 219 321 353 461 615 716 855 927 984 990 991 
33 57 132 173 210 300 416 530 695 757 
179 181 311 337 369 561 705 763 801 868 
42 59 67 115 213 328 395 572 638 911 983 
135 248 425 557 564 576 591 652 662 727 843 904 961 
131 146 188 385 415 470 521 523 563 774 823 887 907 
5 281 297 303 386 442 450 474 533 667 893 902 911 919 
80 241 471 509 665 680 739 741 797 992 
60 136 219 239 569 611 769 879 990 
278 317 375 462 490 647 705 992 
49 335 465 505 569 630 715 790 870 
20 78 337 545 737 754 834 912 920 945 
15 64 66 71 72 427 474 493 590 611 731 736 759 764 780 969 
6 66 295 299 317 429 578 584 603 687 790 869 
34 40 44 164 234 265 385 433 499 563 566 608 612 765 861 964 977 
3 134 143 233 340 347 387 422 715 990 996 
6 20 151 200 316 320 381 427 455 499 576 712 766 822 826 
116 313 321 417 488 500 570 618 694 777 968 
36 78 188 222 426 519 562 611 631 695 950 971 
3 74 524 633 702 
73 78 394 564 595 667 671 810 905 940 951 
261 461 702 863 891 910 
180 192 255 413 424 434 555 585 872 924 939 945 
168 285 382 528 670 676 705 783 903 943 
66 96 126 236 518 635 677 726 
133 193 278 423 462 527 857 916 958 
214 309 478 519 707 857 890 
58 113 130 264 285 305 339 505 744 847 
58 176 273 387 461 533 537 541 677 767 821 980 
10 213 387 799 852 854 
20 87 212 569 612 670 694 733 792 798 838 844 944 949 
23 278 342 351 502 835 907 
50 84 221 718 721 723 944 
18 43 117 257 299 360 385 726 792 801 859 932 
71 128 172 215 219 342 461 482 504 542 681 744 814 819 916 
63 69 79 124 140 380 528 572 751 859 904 943 
86 88 143 144 216 239 505 569 576 703 717 721 735 740 836 863 966 
14 165 298 443 515 615 617 715 752 771 778 
106 387 555 569 661 666 831 906 973 
161 198 274 313 339 358 397 438 644 653 685 701 762 786 
82 327 637 667 861 869 875 924 
34 269 289 311 535 607 679 729 899 923 947 985 
68 144 388 824 912 939 958 
129 318 330 633 646 690 801 
241 288 378 385 627 763 867 980 
36 42 113 118 281 285 408 550 627 910 998 
113 248 315 346 574 619 750 752 783 852 982 
55 251 261 405 559 657 694 752 796 846 868 893 919 
4 25 122 223 288 343 346 456 463 508 563 572 725 780 815 
75 95 103 116 230 272 289 462 621 817 876 919 980 
65 261 332 429 605 610 690 747 861 945 
38 110 146 207 209 237 244 330 334 455 493 508 534 577 647 693 726 801 804 862 978 
31 41 117 142 402 443 493 610 780 883 
67 381 421 444 572 799 857 969 
7 38 81 90 150 415 610 656 680 820 837 872 901 925 
26 60 66 74 126 194 312 358 383 581 657 723 733 835 843 849 983 
200 202 275 414 478 786 830 849 
99 182 349 420 538 578 620 733 789 
29 121 212 258 315 323 335 381 513 573 627 793 810 843 884 948 
20 99 402 567 917 
41 61 169 222 322 334 406 635 692 694 754 808 849 865 878 898 957 
23 49 211 393 398 517 584 647 668 929 936 944 
99 323 332 380 447 459 516 598 781 815 
49 163 230 282 330 406 504 534 555 654 
48 56 476 495 545 573 578 613 713 767 898 931 
145 274 283 386 504 546 553 853 963 977 984 996 
103 246 264 498 977 
101 108 121 124 299 311 618 862 928 
120 259 287 399 478 779 786 855 
52 378 488 489 500 510 572 680 690 846 869 897 
42 124 179 183 303 306 451 597 683 697 766 778 838 
9 67 320 377 688 844 855 890 
63 171 423 541 644 706 736 815 821 825 855 916 923 
8 48 97 137 138 249 269 528 548 585 590 679 681 718 923 951 
34 106 318 320 361 555 754 852 
56 256 269 287 415 521 533 535 680 725 766 771 857 
182 374 380 412 469 476 495 508 673 819 
12 100 129 329 396 561 912 947 980 992 
174 226 359 435 509 523 550 685 750 891 913 953 
256 303 369 396 667 974 
52 101 118 163 230 235 439 442 520 545 566 691 706 709 849 
272 427 481 563 759 766 883 
7 29 34 79 139 183 394 673 688 754 
77 267 383 501 603 615 843 
33 165 215 389 427 568 651 668 681 849 874 
27 75 85 92 169 176 185 412 521 595 622 973 990 
208 267 311 327 376 377 412 422 440 675 743 786 849 945 947 
34 95 144 164 171 217 265 350 367 419 516 578 674 726 948 
220 305 465 482 507 570 748 932 958 999 
71 172 210 266 346 416 714 821 924 989 
16 238 370 615 683 684 729 789 801 839 851 916 
39 119 185 204 515 570 680 809 863 
171 262 515 608 610 626 697 799 835 870 
167 233 432 493 501 691 705 718 
4 369 391 401 434 549 565 726 853 923 977 
240 359 486 538 854 868 914 925 982 
161 212 398 429 638 655 759 788 878 881 971 
125 160 197 274 351 366 429 565 578 644 686 708 715 789 823 846 850 854 951 964 985 
56 63 122 133 213 233 362 495 522 599 
117 258 499 639 663 799 871 
172 237 246 477 618 643 644 659 727 838 910 953 
176 227 488 504 634 837 872 
162 163 348 396 565 605 658 723 745 757 784 786 832 849 878 940 
253 268 270 281 750 798 910 
18 30 60 98 267 358 449 538 608 615 696 723 745 925 926 929 948 
45 50 66 100 112 125 248 343 358 477 698 762 778 832 910 963 993 
132 136 316 341 637 764 766 863 996 
42 83 90 240 388 449 815 870 924 944 994 
1 129 138 258 307 334 348 503 639 830 855 928 971 
23 125 205 207 227 288 325 330 533 610 659 752 754 805 909 993 
65 295 400 508 521 560 596 602 617 668 710 866 
83 114 145 162 180 260 327 355 439 484 585 748 764 777 891 918 927 
23 51 210 467 534 542 563 657 767 919 
39 44 100 277 286 305 316 416 472 513 692 701 774 804 904 
41 82 115 119 268 278 337 592 750 814 872 
117 149 210 287 300 301 310 517 680 718 736 777 784 968 
182 240 314 379 396 421 458 559 609 912 926 
248 356 402 561 578 608 999 
53 445 726 920 961 
366 474 497 501 757 793 932 
15 31 49 647 744 858 935 
157 232 333 474 523 949 951 983 
22 292 354 476 520 752 909 
275 406 451 461 540 
172 180 235 349 351 374 388 472 564 721 875 922 943 
311 434 495 567 759 816 876 971 
122 133 215 223 243 266 333 368 416 429 543 633 635 683 692 886 
57 76 340 531 596 597 608 759 973 
266 382 423 458 564 754 984 
102 366 543 614 735 751 754 975 
27 134 258 324 331 389 440 459 865 895 902 960 
6 250 660 881 914 977 
17 50 99 153 178 459 461 606 607 893 997 999 
319 591 659 807 999 
9 76 139 203 332 335 395 514 593 637 657 720 754 989 
83 185 259 508 546 547 548 688 901 970 
30 219 317 411 499 538 552 849 864 
98 504 522 533 918 966 967 977 
78 414 423 824 
35 408 495 508 670 721 808 925 995 
44 199 231 348 357 358 488 576 691 701 777 996 
123 179 234 247 269 294 437 519 637 657 809 965 
104 170 187 193 219 223 238 328 410 546 691 790 821 937 
76 212 228 277 326 347 438 474 485 604 616 677 691 722 745 997 
22 79 181 229 265 273 361 385 398 539 725 797 
289 425 450 464 940 
136 191 195 543 814 818 
359 535 543 743 765 938 
202 329 501 539 595 682 684 690 718 731 784 984 
29 45 141 165 208 237 325 388 452 513 515 690 815 
15 24 152 167 182 287 358 490 623 780 844 887 920 948 
112 127 163 187 297 344 400 410 469 572 574 686 701 
102 155 189 271 294 500 502 513 530 634 780 
43 106 119 126 128 179 276 417 434 562 766 793 854 912 951 
162 290 565 584 704 732 760 884 906 
87 137 186 190 254 284 288 353 356 504 681 776 836 924 997 
8 143 436 659 682 707 
24 25 64 112 158 285 322 368 369 398 599 722 763 887 964 
146 229 480 507 822 847 971 992 
25 48 76 94 107 147 435 541 591 620 816 837 941 
57 365 495 579 627 641 721 839 875 892 
65 139 199 286 495 606 782 868 971 996 
18 34 94 294 366 397 425 499 523 542 837 922 983 
22 94 127 148 152 161 189 218 350 431 463 566 615 717 754 839 862 900 977 
41 428 826 
46 197 230 413 700 715 726 784 860 956 
311 415 524 597 606 690 783 964 
86 141 352 383 457 473 500 600 702 723 882 
4 83 173 358 402 579 704 809 855 
14 41 138 201 215 461 465 583 590 870 965 
55 84 96 195 244 278 352 684 790 870 903 952 
15 40 94 171 179 245 309 324 451 599 618 659 838 839 992 
79 101 135 178 184 238 325 455 458 544 565 575 701 780 910 922 923 952 974 
390 573 622 645 656 668 836 
5 33 45 99 182 185 451 610 939 
52 131 182 215 334 454 569 586 703 953 
124 215 663 666 689 733 757 970 
40 100 133 169 204 376 379 491 536 580 679 768 904 909 
110 129 278 417 458 623 690 709 862 
128 268 342 395 443 446 545 618 691 941 
21 44 132 421 519 692 721 727 741 743 775 790 
37 52 60 62 77 152 230 237 526 574 625 
131 163 166 447 505 520 643 676 677 686 718 800 822 
0 198 249 288 323 444 679 731 863 998 
254 320 509 543 601 646 700 768 839 
439 555 566 666 772 
1 23 38 271 388 400 444 450 522 647 659 664 683 715 862 
140 334 402 404 512 572 692 932 
30 47 698 767 773 778 818 825 847 
272 293 300 306 395 404 441 506 545 570 619 629 
194 281 297 321 911 961 997 
320 435 562 645 851 
157 417 644 733 881 943 
127 146 282 360 441 691 713 769 786 826 912 949 
260 690 851 894 928 972 
67 111 116 121 186 225 237 384 488 676 709 751 971 
24 65 97 165 632 861 945 
11 22 206 227 348 423 513 610 687 
50 61 277 489 540 583 668 669 774 984 995 
91 279 657 701 776 792 838 851 973 
38 57 260 385 396 484 506 832 862 891 901 
439 571 708 743 761 767 838 860 916 938 
4 261 278 284 391 393 415 491 731 757 759 900 929 
65 101 122 505 631 659 728 937 940 
116 121 229 248 336 348 394 494 702 749 792 871 
19 53 372 377 489 498 621 649 953 958 
106 138 195 215 220 298 328 340 492 522 607 633 657 865 897 945 
243 811 874 919 989 
171 430 553 773 994 
91 167 353 644 709 743 756 
136 215 306 360 498 715 820 841 
29 68 106 183 224 490 620 689 697 850 878 985 
89 93 106 114 383 472 567 599 708 784 786 874 887 888 
415 653 659 704 819 903 923 956 963 
69 152 367 519 525 547 550 586 670 702 756 
138 721 754 
141 289 341 373 412 467 490 517 647 764 822 831 869 
40 55 68 100 341 470 477 495 912 938 967 975 
159 235 281 422 483 488 595 707 716 803 808 815 946 
75 76 87 155 165 244 449 474 502 549 781 919 
1 478 524 658 686 691 752 788 946 
21 112 146 218 263 284 323 324 365 590 649 795 843 
476 591 652 
145 265 336 348 370 397 411 432 433 489 551 561 698 764 967 975 
115 123 553 763 984 
391 710 757 953 
184 246 255 338 477 482 631 775 
15 48 129 133 286 288 371 408 434 506 507 517 618 636 850 
60 93 203 250 253 289 341 424 439 567 572 590 636 732 736 784 982 987 
123 204 218 247 355 365 391 420 598 616 726 737 849 865 922 930 977 
27 56 62 187 201 246 303 424 491 613 643 666 702 899 922 
12 380 556 766 861 986 
78 97 306 335 337 373 409 427 612 804 856 
128 148 192 231 238 282 299 308 454 475 913 949 994 
4 10 127 144 461 472 499 585 630 647 835 
76 148 180 221 360 430 499 562 679 686 768 887 
218 320 323 348 382 407 411 732 769 821 844 904 913 
44 101 144 167 186 279 350 456 609 766 916 927 
341 611 709 849 
121 606 644 820 940 
41 123 186 215 459 560 595 714 991 
135 142 161 330 385 421 424 469 617 764 
406 603 812 910 
25 94 309 363 364 421 547 741 749 900 
334 359 757 776 781 822 940 
22 110 129 151 193 261 333 387 488 499 520 666 893 895 949 
296 592 612 659 819 
102 115 177 212 290 298 413 452 486 595 634 669 690 820 824 933 973 
13 61 116 128 131 169 222 352 394 454 517 563 622 718 732 744 764 823 825 913 
0 14 34 120 240 277 347 357 382 590 713 744 901 
17 121 133 146 171 181 235 370 409 458 478 847 850 
1 22 115 117 139 212 227 277 350 393 434 617 669 683 732 807 878 958 
25 79 122 204 237 291 438 492 558 582 585 700 711 740 859 
486 561 566 702 755 758 772 
23 85 103 123 141 151 224 263 453 550 594 621 625 702 715 761 824 869 
123 245 265 297 763 890 903 944 
86 295 307 345 723 815 834 897 926 964 
2 81 656 676 749 777 929 937 
156 273 424 592 605 620 637 989 
214 399 644 654 697 871 878 886 969 
145 539 546 642 741 938 
55 116 190 268 278 300 347 381 409 688 736 771 898 909 967 
7 30 119 136 152 224 263 323 335 384 562 573 643 927 983 
238 313 347 419 585 657 695 822 823 970 
449 579 585 612 840 872 968 973 
89 300 789 
109 113 249 329 367 376 408 661 687 718 805 954 994 
99 127 136 197 219 229 236 416 420 532 612 704 716 810 985 
11 34 62 136 156 202 208 265 395 470 608 751 807 855 860 
129 300 344 431 670 677 678 726 
85 306 384 434 588 601 612 692 826 865 879 902 
62 94 133 153 398 401 418 419 456 677 786 912 
27 212 444 548 733 863 
16 144 283 336 352 451 461 782 804 863 983 984 988 
3 242 337 407 414 532 690 695 836 911 
8 33 124 135 144 191 265 266 407 486 515 593 651 744 821 826 886 971 
72 139 345 407 544 623 726 747 766 817 
7 176 187 366 491 557 
44 70 78 92 193 261 317 350 486 526 673 739 745 749 834 929 969 
25 495 561 727 904 
55 161 408 564 574 612 914 927 
90 233 337 480 496 694 839 900 
271 644 788 804 997 
38 105 120 212 214 265 294 310 335 346 457 583 606 609 633 704 717 790 819 861 922 
503 583 868 882 941 984 
72 99 105 207 237 276 549 591 611 614 698 707 980 
129 146 524 606 956 
159 161 179 319 388 591 643 651 708 820 827 
0 83 208 382 512 674 725 774 921 
25 181 209 274 349 389 495 525 551 757 808 994 
24 72 172 225 249 290 425 463 507 534 618 633 728 733 839 
23 55 76 148 189 277 286 320 353 384 520 652 708 716 774 817 
3 4 25 64 166 179 183 276 292 396 400 552 626 634 820 832 
36 37 157 216 243 261 366 369 374 426 444 713 720 843 981 984 985 
70 83 106 109 140 161 164 286 352 435 457 525 571 573 612 780 786 989 
32 48 124 137 217 254 331 397 484 500 569 625 737 752 776 808 862 
33 165 270 356 778 848 912 
70 193 280 282 302 308 310 447 567 704 756 825 830 980 
115 204 222 245 289 360 363 461 685 736 850 
473 566 695 791 795 838 875 948 950 984 
25 143 275 307 320 325 341 423 459 500 671 702 720 763 875 938 
143 203 236 238 330 336 445 534 566 633 804 823 835 
45 57 77 165 195 234 240 318 423 453 552 604 606 745 847 953 975 
444 709 743 744 999 
52 126 139 143 190 194 257 261 276 288 308 412 759 775 
105 131 323 583 676 677 821 866 
77 113 169 177 210 266 285 329 336 359 369 389 582 771 804 932 
30 96 235 269 432 440 536 729 748 882 945 971 
449 828 983 
212 327 
224 524 578 869 996 
15 43 71 85 95 150 441 470 555 556 577 598 616 640 779 866 877 881 956 
169 253 285 333 426 599 
70 73 136 167 294 345 383 506 524 535 536 838 
133 134 222 447 486 771 849 919 972 
79 688 732 792 903 969 
139 542 591 659 777 793 810 813 866 936 
39 592 707 721 747 870 972 995 
11 41 54 92 99 284 345 441 493 500 521 637 726 739 807 938 968 977 985 
158 209 276 405 431 494 557 559 588 
1 6 54 94 222 386 518 530 589 741 774 834 935 985 
9 406 547 741 896 948 
526 900 918 948 
12 73 80 191 236 292 357 420 490 512 519 929 931 
38 115 382 399 655 714 732 771 916 972 983 
342 399 438 673 682 737 
7 267 334 501 583 599 613 835 947 953 
35 123 217 370 429 443 484 584 598 612 814 
238 439 764 774 787 838 
41 456 542 629 736 823 853 871 
125 190 243 382 653 751 
34 148 220 285 355 514 630 719 762 780 788 859 957 
415 574 740 975 
16 158 265 267 322 374 530 625 762 792 805 830 
193 209 267 404 433 438 511 555 558 574 625 667 747 
40 313 404 478 630 710 854 883 922 924 950 
21 74 155 195 232 286 364 376 389 399 540 619 698 708 793 848 915 
30 88 90 388 509 555 639 702 767 
10 34 110 141 169 208 322 324 326 364 381 446 469 837 
173 280 284 290 510 557 622 742 808 989 
25 195 286 302 504 518 536 539 542 552 566 599 692 834 836 980 
17 70 114 189 212 336 502 598 637 718 800 
131 401 557 754 883 
51 64 146 258 265 270 272 309 355 362 376 435 681 689 700 804 839 904 949 953 
415 501 583 670 714 792 859 
129 145 186 232 309 382 513 523 621 664 695 698 709 717 722 737 869 930 963 
4 36 88 210 238 289 339 372 443 451 499 562 679 780 834 882 946 983 
90 158 245 318 461 608 670 741 807 866 904 
29 49 66 98 169 329 431 483 530 674 717 809 
93 262 321 477 526 617 
20 54 118 169 170 174 210 251 357 445 520 611 913 
137 422 450 548 760 913 951 
77 759 792 940 
132 203 261 453 526 567 605 606 688 804 854 912 963 
245 364 564 715 716 717 875 
233 260 316 317 330 432 756 866 997 
149 649 717 
52 461 601 682 751 828 839 854 860 877 963 
97 171 282 506 603 607 725 770 966 988 
61 174 264 290 475 498 731 754 834 859 902 
468 714 778 855 944 987 996 
12 138 160 161 291 315 398 478 555 562 573 657 686 844 905 
373 424 519 564 677 843 913 914 966 
159 221 296 332 398 636 693 757 771 805 855 
499 500 635 709 715 748 835 941 973 988 
207 312 378 406 413 530 590 613 843 859 
65 90 99 176 237 248 252 263 275 368 735 911 912 
206 247 371 380 609 678 685 871 
41 152 193 195 237 583 683 749 775 
30 432 843 862 
532 728 823 826 904 
77 115 372 454 502 534 559 644 716 717 905 
96 108 148 180 311 344 369 372 464 481 511 531 554 643 705 713 923 984 
445 463 656 731 737 937 
315 456 687 688 690 699 798 804 
70 112 173 225 232 281 323 333 392 458 488 506 745 801 874 
149 686 817 
477 493 628 728 731 924 983 984 
126 165 751 857 862 878 995 
4 15 23 55 195 240 356 547 559 666 821 862 875 
48 114 119 168 171 276 494 563 715 
67 130 192 237 311 485 602 734 757 863 957 
41 45 113 114 135 238 335 531 731 774 775 862 900 
3 12 220 368 596 799 879 969 980 992 
196 209 263 326 445 529 645 729 805 822 870 883 
124 319 327 384 406 413 471 478 535 633 673 688 747 801 839 884 937 
260 374 492 854 919 924 940 
148 231 372 381 405 428 443 458 475 485 518 588 668 716 745 764 826 862 
242 403 675 808 971 974 
310 538 759 779 886 
37 276 707 778 920 949 
174 208 247 261 371 448 
252 458 617 692 726 733 940 
279 674 848 903 
59 62 310 448 457 502 517 651 774 799 865 919 
57 186 259 278 292 312 351 606 775 833 922 952 980 982 
5 6 95 159 333 356 382 445 470 659 717 731 808 822 897 900 936 969 
11 22 43 66 197 232 470 519 523 816 820 847 962 
35 60 133 167 171 207 295 302 411 486 541 616 619 756 900 
292 572 717 739 776 796 805 821 835 921 923 
39 216 732 740 
56 108 348 354 550 597 657 698 725 745 919 947 
190 235 257 359 560 620 665 676 687 692 696 736 
358 660 756 788 795 804 899 911 
72 176 266 295 454 467 529 577 674 784 916 
145 204 296 300 415 454 541 543 577 634 725 771 772 823 836 923 995 
97 541 639 689 854 930 968 
31 66 73 129 140 150 153 236 313 345 449 455 507 618 751 
279 326 341 347 363 387 770 905 
1 144 194 237 306 345 356 427 615 793 984 
41 420 428 597 629 989 
68 106 116 186 342 362 398 458 523 640 881 920 951 970 
11 178 218 242 251 362 420 442 819 909 
91 118 207 311 350 570 639 765 995 
3 49 177 178 225 262 369 423 454 492 507 633 648 687 727 748 980 982 990 
71 84 86 147 200 285 469 538 646 674 686 714 768 832 895 898 981 
67 267 343 354 407 533 587 625 646 657 804 821 940 
160 448 483 615 678 887 
1 221 252 315 322 341 420 421 438 450 466 519 546 646 763 884 
116 137 244 352 365 412 414 415 451 465 492 828 
7 38 63 135 332 385 398 452 459 542 612 664 674 704 971 
35 63 124 323 635 854 
43 82 83 104 177 183 204 233 289 302 319 332 553 838 898 
55 153 191 273 290 535 546 571 617 951 969 
60 105 376 674 788 857 
13 81 202 342 364 483 531 698 700 727 755 
34 61 100 114 179 377 460 495 557 608 617 673 697 738 867 919 953 956 
646 744 788 841 913 919 920 988 
41 94 163 169 238 437 456 524 615 697 735 916 938 
50 66 95 123 311 385 412 423 444 471 905 929 975 994 
23 208 291 293 439 476 486 502 525 526 572 609 838 877 945 958 959 
116 128 258 308 447 875 
21 30 138 157 182 426 440 485 539 555 569 692 764 820 848 891 
134 198 216 274 281 295 365 644 757 799 852 857 910 
154 344 352 882 
298 428 490 557 589 662 934 974 
222 248 250 265 369 473 484 559 563 608 756 776 899 900 905 
24 46 352 450 467 481 510 575 617 636 763 850 914 
91 126 127 184 231 382 497 607 800 912 
20 139 524 846 
18 21 46 62 244 288 716 909 
102 336 465 521 565 644 763 907 913 961 
45 87 95 187 248 361 512 596 616 632 687 759 924 925 935 969 
34 51 178 232 249 282 287 309 369 437 458 482 526 626 636 652 845 910 919 937 944 989 
0 13 22 62 170 188 224 272 490 539 563 626 643 659 712 821 865 899 
50 157 213 244 308 435 555 617 620 626 628 643 668 671 727 741 821 885 
164 304 345 365 387 420 454 520 538 613 725 980 
15 603 926 
92 102 186 206 218 406 565 572 982 
64 92 93 164 215 304 308 396 411 432 452 487 589 829 870 
28 45 113 146 156 201 207 415 429 617 764 809 898 
72 177 304 327 374 376 439 528 737 771 863 903 930 949 
104 863 
83 85 224 320 347 416 560 630 673 677 718 943 983 984 
49 205 256 296 305 323 359 366 390 437 501 541 548 590 664 773 789 855 983 
28 61 276 372 452 551 686 697 717 741 944 980 
99 103 112 475 562 642 649 729 781 
313 362 579 656 728 875 913 956 
84 793 817 980 998 
9 110 140 169 218 250 284 420 455 474 631 645 649 654 668 790 843 887 
20 173 179 264 426 500 508 520 523 587 596 672 820 839 870 
67 101 110 124 172 255 258 302 327 329 448 464 544 562 664 838 852 859 874 931 
114 256 653 786 863 
66 158 181 203 308 401 638 700 770 859 965 
78 89 189 204 240 284 344 387 500 533 570 601 674 831 886 898 
30 57 152 283 501 567 597 617 645 723 751 815 895 900 925 
81 112 135 226 263 698 750 763 778 886 966 
279 550 590 671 809 865 877 920 998 
212 308 524 604 672 747 755 973 982 
28 76 212 216 226 279 452 515 532 592 593 619 717 727 797 837 849 948 972 
29 611 821 854 904 936 
5 53 88 358 419 452 473 481 575 792 894 899 934 994 
14 267 299 306 392 520 521 547 575 699 
15 84 122 146 374 376 415 550 574 647 659 673 831 900 944 972 
250 775 
11 26 38 167 250 254 260 322 548 589 606 657 740 763 776 822 992 
100 105 262 360 383 579 636 686 776 860 865 919 935 
5 7 68 74 476 515 529 550 640 775 839 
24 37 261 318 350 375 386 738 756 958 
125 176 259 307 401 467 540 602 629 650 679 737 893 932 
309 318 319 381 394 492 567 810 
94 854 
198 224 283 332 346 354 381 400 401 406 435 487 614 631 883 977 
179 525 697 740 810 849 949 
9 54 126 212 235 481 486 569 627 670 675 708 750 881 
12 96 144 172 179 273 374 391 448 474 497 516 561 635 653 705 765 843 
207 525 779 802 850 854 875 965 970 
45 225 235 268 284 353 368 397 399 474 576 624 661 714 858 898 987 
16 151 426 623 
473 526 789 923 925 958 997 999 
58 86 311 377 603 605 870 947 988 
11 212 231 274 316 429 496 527 572 690 709 713 738 747 777 788 935 947 991 
34 69 151 263 284 378 383 488 495 513 520 600 659 704 722 797 927 973 980 
52 188 207 286 419 685 757 822 835 880 911 958 998 
85 103 207 210 288 342 347 353 378 425 503 509 548 
12 14 70 150 300 336 384 460 473 609 807 942 
23 210 449 456 507 687 847 906 909 929 991 
185 280 465 508 913 924 
38 169 630 680 735 772 992 
39 140 264 309 347 533 578 586 596 635 677 723 913 965 984 
23 30 96 108 160 243 457 525 677 770 910 
13 24 460 480 726 897 
30 104 112 113 187 251 277 385 470 560 563 592 600 654 666 
210 452 498 576 640 654 667 746 749 817 918 922 923 994 
18 179 427 471 516 567 671 708 747 748 783 799 818 899 
2 19 34 129 192 289 383 387 412 529 588 763 892 940 980 
1 74 183 193 254 309 342 377 460 568 632 662 738 
49 51 340 583 661 758 792 804 822 939 
36 52 182 206 284 320 324 422 424 444 566 603 618 931 987 
92 232 334 491 516 728 818 922 943 983 
127 159 203 433 545 833 
1 178 181 237 295 318 438 776 805 823 874 923 928 995 998 
51 85 125 374 387 420 437 484 500 676 816 880 975 
39 836 844 887 941 
147 167 208 245 261 271 311 328 340 358 374 465 484 543 566 734 799 833 881 920 925 977 
42 600 905 965 
153 165 195 234 368 492 554 603 675 696 699 763 897 997 
29 329 362 369 537 726 761 797 833 883 912 965 
68 98 125 150 282 285 414 442 452 555 731 853 911 
571 945 949 976 997 
39 55 97 138 144 302 305 471 476 587 605 616 624 743 779 793 861 882 
13 207 262 330 391 425 588 608 681 730 792 940 
7 982 
126 493 571 675 807 962 
87 99 247 319 671 870 913 
10 74 94 142 168 249 279 416 741 764 789 837 847 961 975 
108 131 202 302 375 646 
64 173 176 177 225 232 301 325 364 371 655 666 705 776 786 
454 613 710 861 996 
17 61 146 156 274 305 315 323 362 647 657 
243 758 
144 490 834 835 
107 323 385 504 545 554 573 578 615 625 646 675 688 779 847 850 863 971 
99 100 381 538 605 635 656 671 783 954 977 
182 832 
0 11 29 196 228 239 405 523 540 590 619 767 795 982 989 
18 46 54 73 92 124 170 195 332 411 490 561 567 611 660 668 851 965 
363 413 440 620 722 739 
27 235 292 330 539 588 752 755 819 898 920 
44 479 871 997 
514 856 963 
32 588 887 907 911 998 
45 56 105 174 306 386 418 599 963 
163 320 334 344 379 421 490 528 737 880 884 962 
94 98 397 431 669 784 859 882 920 
252 262 321 548 563 648 730 775 949 
418 460 776 781 949 975 
26 44 306 348 485 518 555 684 810 832 860 879 909 
25 26 252 326 482 511 519 559 564 669 704 732 
175 204 211 229 300 344 361 414 508 547 577 651 671 688 716 717 742 919 
115 138 180 288 430 454 488 516 535 656 668 747 765 779 970 989 
62 135 277 369 520 535 573 601 642 677 783 969 
314 410 519 526 843 871 877 913 925 
29 32 76 230 344 460 520 569 865 953 
18 34 46 60 78 99 208 288 436 465 542 547 642 659 944 945 
219 559 842 
580 629 691 945 971 991 
721 900 
328 380 569 605 847 867 
310 488 736 745 837 923 929 992 
76 110 164 192 231 374 377 472 564 687 806 819 860 
2 38 56 167 267 667 782 786 789 967 
283 528 550 592 612 618 631 803 866 897 936 944 
74 92 115 130 231 303 327 364 506 573 598 636 671 765 803 863 866 965 
70 100 308 427 445 546 612 677 785 924 940 970 
77 81 153 176 177 186 238 259 326 373 431 434 610 741 797 831 898 980 
63 94 224 260 302 342 372 443 471 473 571 585 600 694 702 733 910 920 998 
61 362 432 435 443 456 553 562 615 629 657 732 749 859 
536 862 
141 214 482 699 989 
53 827 969 992 
0 37 123 185 187 276 327 330 355 493 565 634 637 641 731 757 824 
81 214 302 343 422 508 633 785 861 882 923 952 969 
227 715 866 
18 36 161 319 341 369 711 
31 128 299 430 460 522 574 669 768 797 804 830 928 937 
124 568 608 665 704 940 
4 327 328 332 352 356 358 374 408 501 510 586 741 755 929 
108 118 369 483 499 522 570 709 758 804 866 922 
66 120 139 362 463 466 471 808 867 944 967 980 
52 69 301 318 346 705 733 865 889 929 
17 109 337 366 601 790 860 965 970 
17 70 123 221 249 301 367 369 425 607 625 629 658 678 693 742 753 758 863 
57 68 81 103 163 178 272 340 343 344 380 440 540 632 635 726 939 990 
504 812 929 937 
3 47 63 189 223 248 297 298 325 347 650 696 705 920 939 
103 392 759 
24 58 86 92 208 245 266 305 307 524 603 616 631 637 733 735 816 839 900 941 
85 437 473 540 629 748 819 832 853 
16 52 132 137 237 241 286 312 322 468 503 555 792 800 844 872 937 
14 52 195 237 248 262 323 339 435 450 458 472 567 641 650 651 654 659 840 954 
6 127 206 245 293 308 363 378 455 544 545 653 723 724 734 804 835 854 997 
408 897 
83 168 186 194 223 332 402 478 501 542 666 716 739 748 825 852 967 
41 42 76 83 239 382 577 583 588 619 627 834 835 845 850 926 929 
31 34 64 316 698 830 851 
274 319 367 433 556 913 
4 157 198 218 266 285 312 341 488 526 582 617 898 
68 81 115 180 190 199 263 282 364 379 441 442 589 656 721 732 762 796 
106 193 259 371 476 531 601 639 811 824 916 921 941 980 
49 129 130 294 326 373 386 536 861 905 943 949 973 974 
33 168 189 269 881 
3 356 479 484 647 733 783 
20 28 35 38 82 189 200 312 396 432 571 572 626 651 703 729 758 937 
321 397 
33 241 583 629 702 739 824 
332 368 374 483 523 531 650 
2 91 108 266 280 542 655 819 
53 149 765 784 815 920 
92 94 120 140 368 403 464 583 683 756 786 873 955 967 973 
15 55 102 127 133 171 439 556 579 618 706 792 816 844 898 
31 68 147 166 244 260 324 353 607 614 656 754 789 951 
184 221 330 426 657 690 815 903 
268 717 983 
0 87 139 398 531 547 661 736 738 945 967 997 
277 422 429 484 507 689 731 785 813 900 
484 
852 925 
14 92 129 298 343 527 919 969 
250 293 350 383 472 704 927 947 
125 432 777 925 
13 117 120 190 237 278 319 404 517 751 
91 104 466 743 968 974 990 
8 105 155 198 239 265 402 517 687 737 925 
593 
74 193 220 341 478 528 668 773 788 834 864 924 937 
16 83 206 225 332 336 533 687 694 722 736 759 810 837 869 882 916 938 949 974 
32 89 93 98 113 156 158 313 502 675 708 716 743 776 914 926 995 
244 435 474 515 553 594 654 668 670 708 737 745 829 859 887 
40 48 183 228 326 407 472 521 929 982 990 
0 115 160 220 278 402 542 631 
235 295 442 485 527 587 665 723 884 923 989 
2 4 154 276 307 385 449 508 551 615 619 642 742 911 990 
25 176 229 234 292 633 643 680 701 708 787 872 
19 310 426 768 
171 277 303 713 813 
80 
8 9 24 104 160 202 381 394 449 533 684 712 768 819 912 992 
57 115 163 265 293 317 372 375 377 444 514 705 715 772 838 968 
135 158 207 251 270 275 278 462 546 638 675 765 790 813 904 961 983 
66 165 231 283 314 349 388 425 465 489 543 568 625 638 710 789 909 
10 12 20 350 505 508 520 622 623 634 699 713 729 769 771 796 824 868 
41 67 147 167 250 367 403 552 634 709 899 926 
608 933 940 977 985 
72 73 116 119 175 203 297 306 344 362 473 509 596 676 700 871 898 
331 
154 230 248 383 409 594 775 
13 138 207 278 319 321 384 479 491 586 658 666 673 698 699 715 748 821 890 920 
74 168 199 283 390 422 662 683 699 739 786 810 816 838 857 880 919 922 926 
560 671 871 952 958 
110 120 126 140 225 245 396 434 444 501 502 555 607 667 775 781 850 920 932 959 
54 76 116 145 225 313 344 345 366 444 485 644 671 677 761 775 783 831 844 903 
46 56 141 152 177 211 259 294 312 361 379 427 607 649 658 714 769 836 897 
39 69 74 146 326 367 376 411 714 737 761 786 824 889 892 895 934 
93 193 208 376 388 528 719 866 899 914 920 952 974 990 
114 191 214 272 383 509 534 552 764 891 944 
22 59 67 112 231 252 339 380 466 783 847 943 
59 76 110 184 333 376 474 529 550 595 701 768 831 849 852 856 866 901 
73 91 501 617 678 723 955 
336 595 733 780 
61 93 305 360 391 459 578 751 922 
202 519 915 
707 743 925 
113 392 592 714 748 763 972 
49 333 588 668 742 834 971 
15 33 70 81 152 187 266 414 475 529 645 657 715 847 856 861 875 897 943 
203 419 473 489 532 572 590 700 898 
294 314 446 779 855 857 
29 37 292 374 417 475 511 516 624 658 664 688 777 793 836 848 915 973 977 
139 222 268 431 451 556 636 785 859 871 949 
767 
86 165 265 295 307 396 464 725 781 872 928 937 964 
38 49 69 155 190 263 302 304 333 379 527 632 715 727 745 826 834 851 927 
1 81 117 184 224 260 283 294 322 358 468 478 579 702 791 826 828 886 
33 41 490 492 618 982 
31 216 313 349 358 598 673 762 763 891 
27 71 258 330 359 376 422 571 593 594 741 
0 11 36 109 196 232 302 393 465 505 517 615 662 723 755 791 817 818 872 898 941 
63 92 124 261 265 290 571 607 972 999 
35 292 345 369 393 425 623 683 695 883 
11 46 109 207 220 442 444 667 844 921 926 
189 350 372 447 477 497 574 598 615 698 825 
40 69 88 538 805 862 
881 930 989 
215 437 485 558 583 698 729 
106 195 332 603 653 965 
22 55 148 297 314 360 477 523 702 750 761 765 921 
34 125 702 922 
226 402 985 
119 276 390 462 713 797 911 
209 245 669 795 815 
64 84 337 377 485 617 625 629 812 814 
17 221 286 369 429 438 528 943 980 
28 44 50 110 180 235 413 441 735 758 771 787 789 808 835 853 957 
21 38 48 97 161 194 308 409 630 634 738 
12 21 83 409 489 495 533 833 851 865 881 886 
26 147 207 289 387 536 590 678 894 910 998 
40 48 83 95 96 135 221 284 325 531 550 587 655 668 695 714 823 842 844 890 
1 4 45 61 159 250 262 407 448 535 683 758 822 836 853 973 982 
33 46 242 249 290 368 380 397 430 433 467 547 579 660 692 804 828 936 984 
69 129 134 247 261 466 586 589 596 741 745 935 950 992 
6 62 93 189 190 310 357 399 471 519 536 636 740 764 872 881 940 970 980 
45 113 179 264 351 444 660 707 872 894 898 926 
83 167 401 489 495 574 604 701 784 797 818 
791 
165 193 197 286 337 338 366 403 409 435 501 590 754 786 805 915 940 
169 323 995 
249 
20 300 316 321 349 557 569 612 655 667 686 718 727 730 764 777 837 851 871 964 973 987 
52 565 687 
52 58 184 192 196 232 259 318 367 500 667 686 720 740 794 807 901 946 970 
19 130 199 275 327 393 434 534 545 580 596 618 649 725 726 781 885 911 995 
190 196 221 272 337 400 420 470 496 545 556 565 571 644 649 681 725 771 971 985 
4 76 121 128 130 241 313 369 483 539 565 590 592 915 960 984 
503 
500 632 759 780 980 988 
12 21 36 160 162 231 545 630 636 699 762 987 
180 191 269 361 406 479 530 566 611 682 715 807 822 841 903 955 
43 52 70 155 218 235 272 280 287 357 686 855 894 901 904 926 
272 512 763 768 828 
83 129 145 236 279 281 349 430 443 655 747 770 831 842 909 972 
377 381 
79 235 244 250 265 379 480 505 538 561 701 743 775 
53 59 411 470 589 650 677 685 783 899 978 983 
60 64 269 287 337 378 412 433 582 632 800 
147 216 230 404 415 427 462 554 627 761 788 791 811 863 886 
4 47 53 131 259 317 455 730 739 765 783 813 838 968 
84 360 389 404 405 575 761 950 
